# Created by Octave 4.2.1, Fri Sep 08 21:13:17 2017 ART <guille@iibm>
# name: T2
# type: matrix
# rows: 6
# columns: 50
 0 0.06666666666666667 0.06666666666666667 0.1666666666666667 0.1379310344827586 0.2 0.1379310344827586 0.2 0.2 0.1666666666666667 0.2666666666666667 0.3 0.2333333333333333 0.2666666666666667 0.1666666666666667 0.3 0.1666666666666667 0 0 0 0 0 0 0 0 0 0 0 0 0 0 0 0 0 0 0 0 0 0 0 0 0 0 0 0 0 0 0 0 0
 0.1851851851851852 0.3103448275862069 0.2 0.2 0.2 0.2333333333333333 0.1 0.2413793103448276 0.2333333333333333 0.2666666666666667 0.3 0.2 0.2333333333333333 0.2333333333333333 0 0 0 0 0 0 0 0 0 0 0 0 0 0 0 0 0 0 0 0 0 0 0 0 0 0 0 0 0 0 0 0 0 0 0 0
 0.04347826086956522 0 0.03846153846153846 0 0 0.1333333333333333 0.03333333333333333 0.03333333333333333 0.06666666666666667 0.06666666666666667 0.03333333333333333 0.1333333333333333 0.103448275862069 0.1333333333333333 0.1428571428571428 0.2 0.1333333333333333 0 0 0 0 0 0 0 0 0 0 0 0 0 0 0 0 0 0 0 0 0 0 0 0 0 0 0 0 0 0 0 0 0
 0.1333333333333333 0.06666666666666667 0.06666666666666667 0.1333333333333333 0.1724137931034483 0.06896551724137931 0.06666666666666667 0.103448275862069 0.07142857142857142 0.2 0.07692307692307693 0.1379310344827586 0.1333333333333333 0.1666666666666667 0.2333333333333333 0.1666666666666667 0.2 0 0 0 0 0 0 0 0 0 0 0 0 0 0 0 0 0 0 0 0 0 0 0 0 0 0 0 0 0 0 0 0 0
 0.3 0.2758620689655172 0.2068965517241379 0.2333333333333333 0.2666666666666667 0.2 0.2666666666666667 0.2333333333333333 0.2666666666666667 0.2666666666666667 0.3333333333333333 0.2666666666666667 0.2 0.2666666666666667 0 0 0 0 0 0 0 0 0 0 0 0 0 0 0 0 0 0 0 0 0 0 0 0 0 0 0 0 0 0 0 0 0 0 0 0
 0.2758620689655172 0.2 0.1724137931034483 0.2068965517241379 0.2068965517241379 0.2 0.1333333333333333 0.2666666666666667 0.1666666666666667 0.1666666666666667 0.2 0.1333333333333333 0.1333333333333333 0.1724137931034483 0 0 0 0 0 0 0 0 0 0 0 0 0 0 0 0 0 0 0 0 0 0 0 0 0 0 0 0 0 0 0 0 0 0 0 0


# name: R2
# type: matrix
# rows: 6
# columns: 50
 1 0.8333333333333334 0.8666666666666667 0.6666666666666666 0.6551724137931034 0.6333333333333333 0.6896551724137931 0.3666666666666666 0.4333333333333333 0.5666666666666667 0.1666666666666667 0.1666666666666667 0.3666666666666666 0.1333333333333333 0.1 0.1 0.3666666666666666 0 0 0 0 0 0 0 0 0 0 0 0 0 0 0 0 0 0 0 0 0 0 0 0 0 0 0 0 0 0 0 0 0
 0.4814814814814815 0.2758620689655172 0.5333333333333333 0.5666666666666667 0.6 0.4 0.7333333333333333 0.4482758620689655 0.4 0.4333333333333333 0.3333333333333333 0.5 0.4666666666666667 0.4 0 0 0 0 0 0 0 0 0 0 0 0 0 0 0 0 0 0 0 0 0 0 0 0 0 0 0 0 0 0 0 0 0 0 0 0
 0.9130434782608695 1 0.9230769230769231 1 1 0.7 0.9333333333333333 0.9333333333333333 0.8666666666666667 0.8666666666666667 0.9333333333333333 0.7 0.7586206896551724 0.7 0.6785714285714286 0.5333333333333333 0.7 0 0 0 0 0 0 0 0 0 0 0 0 0 0 0 0 0 0 0 0 0 0 0 0 0 0 0 0 0 0 0 0 0
 0.6333333333333333 0.8333333333333334 0.8333333333333334 0.7333333333333333 0.3793103448275862 0.8620689655172413 0.8333333333333334 0.6896551724137931 0.75 0.5 0.7692307692307693 0.6551724137931034 0.5333333333333333 0.2666666666666667 0.3666666666666666 0.4333333333333333 0.5333333333333333 0 0 0 0 0 0 0 0 0 0 0 0 0 0 0 0 0 0 0 0 0 0 0 0 0 0 0 0 0 0 0 0 0
 0.1666666666666667 0.06896551724137931 0.03448275862068965 0.03333333333333333 0.1 0.2 0.1333333333333333 0.2 0.3 0.3666666666666666 0.06666666666666667 0.2666666666666667 0.2666666666666667 0.3 0 0 0 0 0 0 0 0 0 0 0 0 0 0 0 0 0 0 0 0 0 0 0 0 0 0 0 0 0 0 0 0 0 0 0 0
 0.3103448275862069 0.4666666666666667 0.4827586206896552 0.5862068965517241 0.3793103448275862 0.4333333333333333 0.5666666666666667 0.3666666666666666 0.4666666666666667 0.5 0.5333333333333333 0.6333333333333333 0.7333333333333333 0.5517241379310345 0 0 0 0 0 0 0 0 0 0 0 0 0 0 0 0 0 0 0 0 0 0 0 0 0 0 0 0 0 0 0 0 0 0 0 0


# name: P2
# type: matrix
# rows: 6
# columns: 50
 0 0.03333333333333333 0 0.03333333333333333 0.103448275862069 0 0.06896551724137931 0.2333333333333333 0.1666666666666667 0.1333333333333333 0.3 0.2333333333333333 0.1666666666666667 0.3333333333333333 0.6 0.3 0.3333333333333333 0 0 0 0 0 0 0 0 0 0 0 0 0 0 0 0 0 0 0 0 0 0 0 0 0 0 0 0 0 0 0 0 0
 0.1481481481481481 0.1379310344827586 0.06666666666666667 0.03333333333333333 0 0.1666666666666667 0.06666666666666667 0.103448275862069 0.1333333333333333 0.06666666666666667 0.06666666666666667 0.1 0.06666666666666667 0.1333333333333333 0 0 0 0 0 0 0 0 0 0 0 0 0 0 0 0 0 0 0 0 0 0 0 0 0 0 0 0 0 0 0 0 0 0 0 0
 0 0 0 0 0 0.03333333333333333 0 0 0 0 0 0.03333333333333333 0.03448275862068965 0.06666666666666667 0.03571428571428571 0.1 0.06666666666666667 0 0 0 0 0 0 0 0 0 0 0 0 0 0 0 0 0 0 0 0 0 0 0 0 0 0 0 0 0 0 0 0 0
 0.1 0.03333333333333333 0.03333333333333333 0 0.2758620689655172 0 0.03333333333333333 0.103448275862069 0.1071428571428571 0.1333333333333333 0.07692307692307693 0.06896551724137931 0.2 0.4 0.1666666666666667 0.2333333333333333 0.06666666666666667 0 0 0 0 0 0 0 0 0 0 0 0 0 0 0 0 0 0 0 0 0 0 0 0 0 0 0 0 0 0 0 0 0
 0.2666666666666667 0.3793103448275862 0.5862068965517241 0.5333333333333333 0.4 0.4 0.3666666666666666 0.3666666666666666 0.2 0.1333333333333333 0.2666666666666667 0.2333333333333333 0.3333333333333333 0.2 0 0 0 0 0 0 0 0 0 0 0 0 0 0 0 0 0 0 0 0 0 0 0 0 0 0 0 0 0 0 0 0 0 0 0 0
 0.1379310344827586 0.1666666666666667 0.1379310344827586 0.03448275862068965 0.2758620689655172 0.1666666666666667 0.1666666666666667 0.1333333333333333 0.2 0.1333333333333333 0.06666666666666667 0.1 0 0.103448275862069 0 0 0 0 0 0 0 0 0 0 0 0 0 0 0 0 0 0 0 0 0 0 0 0 0 0 0 0 0 0 0 0 0 0 0 0


# name: S2
# type: matrix
# rows: 6
# columns: 50
 0 0.06666666666666667 0.06666666666666667 0.1333333333333333 0.103448275862069 0.1666666666666667 0.103448275862069 0.2 0.2 0.1333333333333333 0.2666666666666667 0.3 0.2333333333333333 0.2666666666666667 0.1333333333333333 0.3 0.1333333333333333 0 0 0 0 0 0 0 0 0 0 0 0 0 0 0 0 0 0 0 0 0 0 0 0 0 0 0 0 0 0 0 0 0
 0.1851851851851852 0.2758620689655172 0.2 0.2 0.2 0.2 0.1 0.2068965517241379 0.2333333333333333 0.2333333333333333 0.3 0.2 0.2333333333333333 0.2333333333333333 0 0 0 0 0 0 0 0 0 0 0 0 0 0 0 0 0 0 0 0 0 0 0 0 0 0 0 0 0 0 0 0 0 0 0 0
 0.04347826086956522 0 0.03846153846153846 0 0 0.1333333333333333 0.03333333333333333 0.03333333333333333 0.06666666666666667 0.06666666666666667 0.03333333333333333 0.1333333333333333 0.103448275862069 0.1 0.1428571428571428 0.1666666666666667 0.1 0 0 0 0 0 0 0 0 0 0 0 0 0 0 0 0 0 0 0 0 0 0 0 0 0 0 0 0 0 0 0 0 0
 0.1333333333333333 0.06666666666666667 0.06666666666666667 0.1333333333333333 0.1724137931034483 0.06896551724137931 0.06666666666666667 0.103448275862069 0.07142857142857142 0.1666666666666667 0.07692307692307693 0.1379310344827586 0.1333333333333333 0.1666666666666667 0.2333333333333333 0.1666666666666667 0.2 0 0 0 0 0 0 0 0 0 0 0 0 0 0 0 0 0 0 0 0 0 0 0 0 0 0 0 0 0 0 0 0 0
 0.2666666666666667 0.2758620689655172 0.1724137931034483 0.2 0.2333333333333333 0.2 0.2333333333333333 0.2 0.2333333333333333 0.2333333333333333 0.3333333333333333 0.2333333333333333 0.2 0.2333333333333333 0 0 0 0 0 0 0 0 0 0 0 0 0 0 0 0 0 0 0 0 0 0 0 0 0 0 0 0 0 0 0 0 0 0 0 0
 0.2758620689655172 0.1666666666666667 0.2068965517241379 0.1724137931034483 0.1379310344827586 0.2 0.1333333333333333 0.2333333333333333 0.1666666666666667 0.1666666666666667 0.2 0.1333333333333333 0.1333333333333333 0.1724137931034483 0 0 0 0 0 0 0 0 0 0 0 0 0 0 0 0 0 0 0 0 0 0 0 0 0 0 0 0 0 0 0 0 0 0 0 0


